           2   0.0000000000000000     
           3   0.0000000000000000     
           4   0.0000000000000000     
           5   0.0000000000000000     
           6   0.0000000000000000     
           7   0.0000000000000000     
           8   0.0000000000000000     
           9   0.0000000000000000     
          10   0.0000000000000000     
          11   0.0000000000000000     
          12   0.0000000000000000     
          13   0.0000000000000000     
          14   0.0000000000000000     
          15   0.0000000000000000     
          16   0.0000000000000000     
          17   0.0000000000000000     
          18   0.0000000000000000     
          19   0.0000000000000000     
          20   0.0000000000000000     
          21   0.0000000000000000     
          22   0.0000000000000000     
          23   0.0000000000000000     
          24   4.0000000000000001E-003
          25   0.0000000000000000     
          26   0.0000000000000000     
          27   0.0000000000000000     
          28   0.0000000000000000     
          29   3.9999999999999966E-003
          30   0.0000000000000000     
          31   0.0000000000000000     
          32   0.0000000000000000     
          33   0.0000000000000000     
          34   0.0000000000000000     
          35   0.0000000000000000     
          36   4.0000000000000036E-003
          37   0.0000000000000000     
          38   0.0000000000000000     
          39   0.0000000000000000     
          40   0.0000000000000000     
          41   0.0000000000000000     
          42   0.0000000000000000     
          43   0.0000000000000000     
          44   0.0000000000000000     
          45   0.0000000000000000     
          46   0.0000000000000000     
          47   0.0000000000000000     
          48   0.0000000000000000     
          49   0.0000000000000000     
          50   0.0000000000000000     
          51   0.0000000000000000     
          52   4.0000000000000036E-003
          53   0.0000000000000000     
          54   0.0000000000000000     
          55   0.0000000000000000     
          56   0.0000000000000000     
          57   0.0000000000000000     
          58   0.0000000000000000     
          59   0.0000000000000000     
          60   0.0000000000000000     
          61   0.0000000000000000     
          62   0.0000000000000000     
          63   0.0000000000000000     
          64   0.0000000000000000     
          65   0.0000000000000000     
          66   0.0000000000000000     
          67   0.0000000000000000     
          68   0.0000000000000000     
          69   0.0000000000000000     
          70   0.0000000000000000     
          71   0.0000000000000000     
          72   0.0000000000000000     
          73   0.0000000000000000     
          74   0.0000000000000000     
          75   0.0000000000000000     
          76   0.0000000000000000     
          77   0.0000000000000000     
          78   0.0000000000000000     
          79   0.0000000000000000     
          80   0.0000000000000000     
          81   0.0000000000000000     
          82   0.0000000000000000     
          83   0.0000000000000000     
          84   4.0000000000000036E-003
          85   0.0000000000000000     
          86   0.0000000000000000     
          87   0.0000000000000000     
          88   0.0000000000000000     
          89   4.0000000000000036E-003
          90   4.0000000000000036E-003
          91   0.0000000000000000     
          92   0.0000000000000000     
          93   0.0000000000000000     
          94   3.9999999999995595E-003
          95   0.0000000000000000     
          96   0.0000000000000000     
          97   0.0000000000000000     
          98   0.0000000000000000     
          99   4.0000000000004476E-003
         100   0.0000000000000000     
         101   3.9999999999995595E-003
         102   0.0000000000000000     
         103   3.9999999999995595E-003
         104   0.0000000000000000     
         105   0.0000000000000000     
         106   4.0000000000004476E-003
         107   0.0000000000000000     
         108   4.0000000000013358E-003
         109   0.0000000000000000     
         110   0.0000000000000000     
         111   0.0000000000000000     
         112   0.0000000000000000     
         113   0.0000000000000000     
         114   3.9999999999995595E-003
         115   0.0000000000000000     
         116   0.0000000000000000     
         117   0.0000000000000000     
         118   0.0000000000000000     
         119   0.0000000000000000     
         120   0.0000000000000000     
         121   3.9999999999995595E-003
         122   0.0000000000000000     
         123   0.0000000000000000     
         124   4.0000000000013358E-003
         125   0.0000000000000000     
         126   3.9999999999977831E-003
         127   0.0000000000000000     
         128   0.0000000000000000     
         129   0.0000000000000000     
         130   0.0000000000000000     
         131   3.9999999999977831E-003
         132   0.0000000000000000     
         133   0.0000000000000000     
         134   0.0000000000000000     
         135   0.0000000000000000     
         136   3.9999999999977831E-003
         137   0.0000000000000000     
         138   0.0000000000000000     
         139   4.0000000000013358E-003
         140   0.0000000000000000     
         141   0.0000000000000000     
         142   0.0000000000000000     
         143   4.0000000000013358E-003
         144   0.0000000000000000     
         145   0.0000000000000000     
         146   0.0000000000000000     
         147   0.0000000000000000     
         148   3.9999999999977831E-003
         149   4.0000000000048885E-003
         150   0.0000000000000000     
         151   3.9999999999977831E-003
         152   0.0000000000000000     
         153   0.0000000000000000     
         154   0.0000000000000000     
         155   0.0000000000000000     
         156   4.0000000000048885E-003
         157   3.9999999999977831E-003
         158   0.0000000000000000     
         159   4.0000000000048885E-003
         160   4.0000000000048885E-003
         161   4.0000000000048885E-003
         162   0.0000000000000000     
         163   0.0000000000000000     
         164   3.9999999999977831E-003
         165   4.0000000000048885E-003
         166   0.0000000000000000     
         167   3.9999999999977831E-003
         168   3.9999999999906777E-003
         169   4.0000000000048885E-003
         170   0.0000000000000000     
         171   4.0000000000048885E-003
         172   3.9999999999906777E-003
         173   4.0000000000048885E-003
         174   0.0000000000000000     
         175   0.0000000000000000     
         176   0.0000000000000000     
         177   0.0000000000000000     
         178   0.0000000000000000     
         179   3.9999999999906777E-003
         180   0.0000000000000000     
         181   4.0000000000048885E-003
         182   0.0000000000000000     
         183   3.9999999999906777E-003
         184   4.0000000000048885E-003
         185   0.0000000000000000     
         186   4.0000000000048885E-003
         187   4.0000000000048885E-003
         188   0.0000000000000000     
         189   0.0000000000000000     
         190   0.0000000000000000     
         191   4.0000000000048885E-003
         192   0.0000000000000000     
         193   3.9999999999906777E-003
         194   4.0000000000048885E-003
         195   0.0000000000000000     
         196   0.0000000000000000     
         197   4.0000000000190994E-003
         198   0.0000000000000000     
         199   0.0000000000000000     
         200   0.0000000000000000     
         201   3.9999999999906777E-003
         202   0.0000000000000000     
         203   0.0000000000000000     
         204   0.0000000000000000     
         205   0.0000000000000000     
         206   0.0000000000000000     
         207   0.0000000000000000     
         208   3.9999999999906777E-003
         209   4.0000000000190994E-003
         210   0.0000000000000000     
         211   3.9999999999906777E-003
         212   0.0000000000000000     
         213   4.0000000000190994E-003
         214   0.0000000000000000     
         215   4.0000000000190994E-003
         216   0.0000000000000000     
         217   0.0000000000000000     
         218   3.9999999999906777E-003
         219   0.0000000000000000     
         220   0.0000000000000000     
         221   3.9999999999906777E-003
         222   3.9999999999906777E-003
         223   4.0000000000190994E-003
         224   3.9999999999906777E-003
         225   0.0000000000000000     
         226   0.0000000000000000     
         227   0.0000000000000000     
         228   3.9999999999622560E-003
         229   0.0000000000000000     
         230   0.0000000000000000     
         231   0.0000000000000000     
         232   0.0000000000000000     
         233   4.0000000000190994E-003
         234   0.0000000000000000     
         235   0.0000000000000000     
         236   0.0000000000000000     
         237   0.0000000000000000     
         238   0.0000000000000000     
         239   4.0000000000190994E-003
         240   3.9999999999622560E-003
         241   0.0000000000000000     
         242   1.6000000000019554E-002
         243   3.9999999999622560E-003
         244   0.0000000000000000     
         245   0.0000000000000000     
         246   0.0000000000000000     
         247   3.9999999999622560E-003
         248   0.0000000000000000     
         249   4.0000000000190994E-003
         250   0.0000000000000000     
         251   0.0000000000000000     
         252   0.0000000000000000     
         253   4.0000000000190994E-003
         254   0.0000000000000000     
         255   0.0000000000000000     
         256   0.0000000000000000     
